11 0.14687500000000003 0.040625000000000015 0.0703125 0.04062500000000001 0.07031250000000001 0.21875 0.14687500000000003 0.21875
11 0.3375 0.015625000000000035 0.2640625 0.015625000000000035 0.2640625 0.2140625 0.3375 0.2140625
11 0.5484375 0.010937500000000062 0.475 0.010937500000000058 0.475 0.19843750000000007 0.5484375 0.1984375000000001
11 0.734375 0.018750000000000086 0.6578125 0.018750000000000083 0.6578125 0.19687500000000008 0.734375 0.19687500000000008
11 0.915625 0.025000000000000105 0.853125 0.0250000000000001 0.853125 0.2062500000000001 0.915625 0.2062500000000001
11 0.13906250000000006 0.365625 0.09062500000000004 0.365625 0.09062500000000005 0.5578125 0.1390625000000001 0.5578125
11 0.3062500000000001 0.36875 0.2593750000000001 0.36875 0.2593750000000001 0.5609375 0.3062500000000001 0.5609375
11 0.496875 0.3578125000000001 0.446875 0.3578125000000001 0.446875 0.5609375 0.496875 0.5609375
11 0.7140625 0.3421875000000001 0.64375 0.3421875000000001 0.64375 0.546875 0.7140625 0.546875
11 0.871875 0.3734375000000001 0.80625 0.3734375000000001 0.80625 0.5593750000000002 0.871875 0.5593750000000002
11 0.953125 0.36406250000000007 0.8796875 0.36406250000000007 0.8796875 0.5625000000000002 0.953125 0.5625000000000002
11 0.16406250000000008 0.70625 0.07656250000000009 0.70625 0.0765625000000001 0.8703125 0.16406250000000008 0.8703125
11 0.3671875000000001 0.696875 0.2593750000000001 0.696875 0.2593750000000001 0.8796875 0.3671875000000001 0.8796875
11 0.5578125 0.7109375 0.4421875 0.7109375 0.44218750000000007 0.884375 0.5578125000000002 0.884375
11 0.7312500000000002 0.7265625000000001 0.6625000000000002 0.7265625 0.6625000000000002 0.85 0.7312500000000002 0.85
11 0.9140625 0.7343750000000002 0.8640625 0.7343750000000002 0.8640625 0.8890625 0.9140625 0.8890625