5 0.09843750000000007 0.017187500000000005 0.001562500000000002 0.0171875 0.001562500000000062 1 0.09843750000000014 1
5 0.16093750000000007 0.046875000000000014 0.10625 0.046875000000000014 0.10625000000000007 0.9921875 0.16093750000000012 0.9921875
5 0.21093750000000006 0.06718750000000002 0.15625 0.06718750000000002 0.15625000000000006 1 0.21093750000000008 1
5 0.5390625000000001 0.015625000000000062 0.4375 0.015625000000000056 0.4375000000000001 1 0.5390625000000002 1
5 0.6187500000000001 0.08281250000000007 0.5421875 0.08281250000000007 0.5421875 1 0.6187500000000001 1
5 1 0.01093750000000012 0.9671875 0.010937500000000119 0.9671875 1 1 1
5 0.4468750000000001 0.05468750000000004 0.396875 0.05468750000000004 0.39687500000000003 1 0.4468750000000002 1
5 0.4000000000000001 0.13593750000000004 0.3640625 0.13593750000000004 0.36406250000000007 1 0.4000000000000002 1
5 0.8421875 0.0281250000000001 0.79375 0.0281250000000001 0.7937500000000001 0.9890625 0.8421875 0.9890625
5 0.7890625000000001 0.05625000000000009 0.7515625 0.05625000000000009 0.7515625000000001 1 0.7890625000000002 1
5 0.8859375 0.05468750000000011 0.8390625 0.05468750000000011 0.8390625 0.996875 0.8859375 0.996875